3 0.1875 0.478125 0.12890625 0.84296875
3 0.31796875 0.453125 0.11171875 0.5921875
3 0.4359375 0.471875 0.0984375 0.53671875
3 0.559375 0.50703125 0.11484375 0.48671875
3 0.696875 0.47578125 0.13828125 0.6203125
3 0.853125 0.59765625 0.15234375 0.5796875
5 0.18359375 0.37109375 0.10625 0.3203125
5 0.3203125 0.38359375 0.10390625 0.2609375
5 0.42734375 0.3984375 0.08515625 0.2109375
5 0.56484375 0.4609375 0.0875 0.21171875
5 0.70546875 0.39140625 0.1015625 0.228125
5 0.86015625 0.54921875 0.103125 0.25390625
3 0.875 0.35078125 0.07421875 0.0890625
1 0.7140625 0.20390625 0.06015625 0.07578125
1 0.8796875 0.35078125 0.075 0.08359375
1 0.56875 0.29453125 0.06953125 0.07890625
1 0.43203125 0.25859375 0.06875 0.09609375
1 0.33203125 0.21171875 0.059375 0.10078125
1 0.1921875 0.096875 0.07890625 0.08046875
4 0.1625 0.88125 0.065625 0.05625
4 0.21328125 0.78984375 0.06796875 0.0515625
4 0.2765625 0.74375 0.04296875 0.034375
4 0.3375 0.734375 0.0625 0.0390625
4 0.4015625 0.72265625 0.04296875 0.0421875
4 0.4546875 0.728125 0.046875 0.03515625
4 0.51953125 0.7359375 0.04140625 0.03828125
4 0.57890625 0.74609375 0.0453125 0.04921875
4 0.64765625 0.7671875 0.05234375 0.0515625
4 0.7171875 0.7890625 0.05390625 0.0671875
4 0.7984375 0.8578125 0.0515625 0.06640625
4 0.8703125 0.8640625 0.06015625 0.0609375