3 0.3421875 0.628125 0.1171875 0.53203125
3 0.4890625 0.63203125 0.19140625 0.7359375
3 0.725 0.5671875 0.1234375 0.46875
3 0.9328125 0.6828125 0.134375 0.634375
1 0.96015625 0.39921875 0.07109375 0.06484375
1 0.71953125 0.35625 0.04140625 0.04765625
1 0.484375 0.30078125 0.0796875 0.07734375
1 0.34140625 0.39375 0.05703125 0.06796875
5 0.3484375 0.54765625 0.0921875 0.21015625
5 0.4796875 0.62578125 0.1546875 0.38359375
5 0.58828125 0.55078125 0.071875 0.1625
5 0.715625 0.50546875 0.08671875 0.2015625
5 0.9453125 0.62421875 0.10859375 0.28671875