3 0.915625 0.7 0.16875 0.590625
3 0.69140625 0.6015625 0.12734375 0.4765625
5 0.45078125 0.659375 0.15859375 0.39453125
3 0.30546875 0.66171875 0.12265625 0.546875
1 0.690625 0.3828125 0.04140625 0.04453125
1 0.3125 0.425 0.059375 0.07109375
5 0.92109375 0.66484375 0.1265625 0.28828125
3 0.46796875 0.64609375 0.19609375 0.7078125
5 0.32265625 0.58359375 0.096875 0.22421875
5 0.5625 0.571875 0.0765625 0.159375
5 0.6859375 0.53359375 0.08515625 0.19453125
1 0.45625 0.32890625 0.08671875 0.08203125
1 0.92734375 0.4390625 0.07734375 0.0703125