5 0.95234375 0.65546875 0.09453125 0.4359375
3 0.92578125 0.65859375 0.14296875 0.67421875
5 0.16171875 0.4140625 0.16015625 0.39140625
3 0.15078125 0.4890625 0.21796875 0.82109375
3 0.72421875 0.55703125 0.20546875 0.853125
1 0.5375 0.30546875 0.084375 0.11875
1 0.18671875 0.13125 0.096875 0.134375
1 0.35546875 0.2375 0.08125 0.128125
3 0.3421875 0.53671875 0.16328125 0.71953125
3 0.515625 0.60625 0.16171875 0.7046875
5 0.53125 0.53515625 0.13125 0.33046875
5 0.35 0.4390625 0.1296875 0.29609375
5 0.7265625 0.453125 0.15390625 0.35
1 0.74765625 0.153125 0.09296875 0.0984375
4 0.20078125 0.9046875 0.0765625 0.07578125
4 0.2984375 0.89453125 0.06328125 0.05859375
4 0.3671875 0.884375 0.0640625 0.06875
4 0.54296875 0.93984375 0.06484375 0.0859375
4 0.64140625 0.97734375 0.0796875 0.0453125
4 0.4578125 0.9109375 0.07421875 0.05234375
4 0.10390625 0.934375 0.059375 0.06796875