3 0.91171875 0.634375 0.1765625 0.73125
3 0.71640625 0.69609375 0.16484375 0.6078125
1 0.74296875 0.434375 0.0875 0.103125
5 0.39296875 0.5546875 0.13984375 0.40078125
1 0.94453125 0.31875 0.0953125 0.09765625
1 0.24375 0.10859375 0.15859375 0.13828125
1 0.4359375 0.27421875 0.0859375 0.134375
3 0.5515625 0.65234375 0.1546875 0.67578125
5 0.7203125 0.66484375 0.13203125 0.3125
3 0.21328125 0.52265625 0.1921875 0.9546875
5 0.9203125 0.58359375 0.153125 0.334375
5 0.55546875 0.57265625 0.12578125 0.3125
3 0.40390625 0.6109375 0.1546875 0.778125
1 0.57578125 0.38359375 0.08359375 0.13046875
5 0.2171875 0.60625 0.1796875 0.62734375