3 0.08046875 0.48359375 0.1546875 0.6984375
3 0.23125 0.51640625 0.1265625 0.61171875
3 0.35234375 0.56171875 0.1046875 0.64453125
3 0.490625 0.54375 0.134375 0.9125
3 0.65859375 0.60625 0.2046875 0.7875
1 0.0796875 0.1921875 0.0828125 0.0984375
1 0.2171875 0.25703125 0.07265625 0.10234375
1 0.34375 0.27734375 0.0703125 0.0890625
1 0.4859375 0.1359375 0.09140625 0.09140625
1 0.66640625 0.27890625 0.1 0.128125
5 0.07578125 0.39296875 0.13671875 0.29375
5 0.22734375 0.4234375 0.1046875 0.24296875
5 0.3515625 0.50390625 0.0953125 0.2875
5 0.4890625 0.4375 0.10546875 0.35546875
5 0.64140625 0.62578125 0.17734375 0.46875
4 0.19453125 0.796875 0.053125 0.0515625
4 0.25078125 0.79375 0.0578125 0.06015625
4 0.31328125 0.840625 0.06640625 0.04609375
4 0.37265625 0.8546875 0.0609375 0.08671875
4 0.04140625 0.7875 0.046875 0.065625
4 0.11171875 0.77421875 0.0609375 0.0515625
4 0.4859375 0.97109375 0.075 0.0578125
4 0.425 0.9203125 0.0859375 0.08125