3 0.2578125 0.40390625 0.115625 0.40234375
5 0.4390625 0.35546875 0.05 0.1140625
1 0.25703125 0.2140625 0.0421875 0.03828125
5 0.36953125 0.34453125 0.0546875 0.13671875
3 0.6265625 0.41484375 0.096875 0.3703125
5 0.5015625 0.38046875 0.053125 0.11328125
1 0.61328125 0.259375 0.03359375 0.04375
3 0.36953125 0.38515625 0.071875 0.31640625
5 0.25625 0.3421875 0.071875 0.1546875
1 0.5484375 0.2265625 0.03984375 0.040625
3 0.440625 0.40078125 0.0640625 0.29375
5 0.61015625 0.375 0.0625 0.159375
1 0.4375 0.27421875 0.03359375 0.04296875
5 0.5515625 0.3328125 0.04921875 0.12890625
1 0.37734375 0.2453125 0.0328125 0.04765625