5 0.296875 0.53359375 0.05703125 0.134375
1 0.3328125 0.4421875 0.025 0.05625
1 0.45390625 0.37890625 0.02421875 0.05703125
5 0.48671875 0.45703125 0.071875 0.1390625
4 0.48671875 0.55390625 0.034375 0.053125
4 0.30546875 0.721875 0.040625 0.0546875
5 0.6078125 0.190625 0.09296875 0.31484375
1 0.82734375 0.1265625 0.0671875 0.11015625
5 0.87265625 0.30703125 0.1375 0.32734375
4 0.7515625 0.59453125 0.06796875 0.075
4 0.628125 0.64140625 0.04296875 0.0890625
4 0.69609375 0.63359375 0.05625 0.0625