5 0.165625 0.28984375 0.040625 0.0765625
1 0.17109375 0.22578125 0.02734375 0.03203125
1 0.28359375 0.1921875 0.02421875 0.034375
4 0.24921875 0.31796875 0.025 0.028125
4 0.20234375 0.4078125 0.028125 0.03046875
4 0.171875 0.42890625 0.021875 0.03046875
4 0.27265625 0.28515625 0.01796875 0.02734375
5 0.25703125 0.22421875 0.0359375 0.05703125
5 0.68125 0.17890625 0.03671875 0.10703125
1 0.65390625 0.1171875 0.02265625 0.04765625
5 0.746875 0.146875 0.03515625 0.0640625
4 0.72421875 0.346875 0.01640625 0.03046875
4 0.68515625 0.3625 0.0203125 0.03046875