5 0.19296875 0.2578125 0.13359375 0.253125
5 0.41328125 0.515625 0.06171875 0.1390625
5 0.12890625 0.15234375 0.0421875 0.06015625
5 0.3359375 0.21796875 0.0796875 0.1453125
5 0.48125 0.3140625 0.0671875 0.146875
5 0.7375 0.190625 0.04375 0.128125
5 0.90703125 0.04765625 0.05234375 0.07109375
5 0.4984375 0.1734375 0.01484375 0.04765625
5 0.47734375 0.18515625 0.01796875 0.03671875
1 0.459375 0.49765625 0.03984375 0.08203125
1 0.2015625 0.05703125 0.06640625 0.07109375
1 0.1328125 0.09375 0.03671875 0.05546875
1 0.23671875 0.12109375 0.0265625 0.03515625
1 0.340625 0.1078125 0.04296875 0.04609375
1 0.73984375 0.1015625 0.02578125 0.03671875
4 0.2734375 0.69296875 0.08125 0.05546875
4 0.20234375 0.7078125 0.053125 0.07578125
4 0.3359375 0.415625 0.03203125 0.07265625