5 0.084375 0.33671875 0.13359375 0.253125
5 0.23359375 0.28359375 0.04921875 0.1453125
5 0.3546875 0.32890625 0.09296875 0.20703125
5 0.628125 0.2453125 0.05078125 0.1046875
5 0.78828125 0.1203125 0.05234375 0.07109375
1 0.0734375 0.121875 0.06640625 0.07109375
1 0.115625 0.19765625 0.03671875 0.05546875
1 0.2375 0.1828125 0.0265625 0.03515625
1 0.80546875 0.06484375 0.03203125 0.04921875
4 0.16171875 0.78359375 0.08125 0.05546875
4 0.08515625 0.8046875 0.053125 0.07578125
4 0.63359375 0.4234375 0.03203125 0.07265625
4 0.30546875 0.66015625 0.028125 0.1109375
4 0.36875 0.67109375 0.0546875 0.07109375
1 0.6234375 0.17890625 0.03984375 0.03359375
1 0.3796875 0.18984375 0.05625 0.04609375