5 0.19453125 0.29921875 0.13359375 0.253125
5 0.06171875 0.25546875 0.06796875 0.16484375
5 0.3515625 0.2359375 0.04921875 0.1453125
5 0.46875 0.29296875 0.09296875 0.20703125
5 0.7453125 0.18984375 0.05078125 0.1046875
5 0.92109375 0.05703125 0.05234375 0.07109375
1 0.20546875 0.08828125 0.06640625 0.07109375
1 0.05 0.1078125 0.03671875 0.05546875
1 0.25234375 0.15078125 0.0265625 0.03515625
1 0.3578125 0.125 0.04296875 0.04609375
4 0.2796875 0.70078125 0.08125 0.05546875
4 0.2078125 0.7171875 0.053125 0.07578125
4 0.3453125 0.434375 0.03203125 0.07265625
4 0.10390625 0.540625 0.0484375 0.03828125
1 0.49140625 0.23125 0.03828125 0.03125
4 0.42265625 0.609375 0.028125 0.1109375
4 0.48671875 0.6078125 0.0546875 0.07109375
4 0.04140625 0.54375 0.04609375 0.03515625
1 0.47890625 0.13046875 0.0453125 0.05703125