5 0.19453125 0.29921875 0.13359375 0.253125
5 0.40859375 0.28984375 0.07890625 0.18828125
5 0.09296875 0.25078125 0.06796875 0.16484375
5 0.3515625 0.2359375 0.04921875 0.1453125
5 0.49609375 0.3265625 0.0671875 0.146875
5 0.75703125 0.18984375 0.04375 0.1046875
5 0.92109375 0.05703125 0.05234375 0.07109375
1 0.43359375 0.14140625 0.03984375 0.08203125
1 0.1984375 0.08515625 0.06640625 0.07109375
1 0.09375 0.1140625 0.03671875 0.05546875
1 0.259375 0.15625 0.0265625 0.03515625
1 0.3578125 0.125 0.04296875 0.04609375
1 0.7609375 0.11875 0.03203125 0.04921875
4 0.2796875 0.70078125 0.08125 0.05546875
4 0.2078125 0.7171875 0.053125 0.07578125
4 0.33984375 0.4328125 0.03203125 0.07265625
4 0.0859375 0.5375 0.07890625 0.03828125
1 0.49140625 0.23125 0.03828125 0.03125
3 0.35 0.28671875 0.04609375 0.3734375
3 0.22890625 0.39765625 0.17421875 0.67421875
3 0.0921875 0.31875 0.08203125 0.45546875
3 0.496875 0.365625 0.05546875 0.290625