1 0.0953125 0.06640625 0.11875 0.1328125
3 0.7078125 0.48125 0.19140625 0.64375
1 0.87734375 0.28125 0.0453125 0.0359375
3 0.86875 0.47578125 0.103125 0.42421875
1 0.34375 0.22109375 0.1015625 0.178125
1 0.759375 0.20859375 0.06171875 0.09921875
0 0.0984375 0.49453125 0.0703125 0.08671875
0 0.05 0.3203125 0.05 0.06796875
4 0.45 0.9109375 0.059375 0.096875
4 0.2671875 0.95546875 0.05546875 0.0890625
4 0.1 0.9015625 0.0703125 0.06484375
4 0.1609375 0.93671875 0.08359375 0.0765625
4 0.62421875 0.7875 0.04140625 0.0421875
4 0.69921875 0.7875 0.0625 0.04609375
4 0.81640625 0.6609375 0.03359375 0.03515625
4 0.86015625 0.6609375 0.0453125 0.03125
3 0.1125 0.48671875 0.196875 0.9734375